#name	chrom	strand	txStart	txEnd	cdsStart	cdsEnd	exonCount	exonStarts	exonEnds	proteinID	alignID
ENST00000334256.9	chr3	-	160495006	160565571	160502103	160565282	17	160495006,160504957,160508106,160509799,160514076,160515451,160521778,160525799,160525937,160527952,160530854,160531461,160535512,160535660,160535807,160536795,160565213,	160502202,160505052,160508269,160509871,160514181,160515580,160521910,160525844,160526107,160528039,160530940,160531557,160535565,160535690,160535897,160536840,160565571,	O00629	uc003fdn.4
ENST00000676866.1	chr3	-	160495006	160565571	160502103	160565282	16	160495006,160504957,160508106,160514076,160515451,160521778,160525799,160525937,160527952,160530854,160531461,160535512,160535660,160535807,160536795,160565213,	160502202,160505052,160508269,160514181,160515580,160521910,160525844,160526107,160528039,160530940,160531557,160535565,160535690,160535897,160536840,160565571,	A0A7I2V340	uc288qwy.1
ENST00000678020.1	chr3	-	160500172	160522861	160500172	160500172	7	160500172,160504957,160508106,160509799,160514076,160515451,160521778,	160502202,160505052,160508269,160509871,160514181,160515580,160522861,		uc288sov.1
ENST00000676958.1	chr3	-	160500172	160565282	160525099	160565282	18	160500172,160504957,160508106,160509799,160514076,160515451,160521778,160525020,160525799,160525937,160527952,160530854,160531461,160535512,160535660,160535807,160536795,160565213,	160502202,160505052,160508269,160509871,160514181,160515580,160521910,160525132,160525844,160526107,160528039,160530940,160531557,160535565,160535690,160535897,160536840,160565282,	A0A7I2V333	uc288ral.1
ENST00000678630.1	chr3	-	160500172	160565389	160564538	160565282	18	160500172,160504957,160508106,160509799,160514076,160515451,160521778,160525799,160525937,160527952,160530854,160531461,160535512,160535660,160535807,160536795,160564504,160565213,	160502202,160505052,160508269,160509871,160514181,160515580,160521910,160525844,160526107,160528039,160530940,160531557,160535565,160535690,160535897,160536840,160564640,160565389,	A0A7I2V5X0	uc288tma.1
ENST00000676799.1	chr3	-	160500172	160565434	160564538	160565282	18	160500172,160504957,160508106,160509799,160514076,160515451,160521778,160525799,160525937,160527952,160530854,160531461,160535512,160535660,160535807,160536795,160564520,160565213,	160502202,160505052,160508269,160509871,160514181,160515580,160521910,160525844,160526107,160528039,160530940,160531557,160535565,160535690,160535897,160536840,160564640,160565434,	A0A7I2V5X0	uc288quj.1
ENST00000678765.1	chr3	-	160500192	160565444	160502103	160565282	16	160500192,160504957,160508106,160509799,160514076,160515451,160525799,160525937,160527952,160530854,160531461,160535512,160535660,160535807,160536795,160565213,	160502202,160505052,160508269,160509871,160514181,160515580,160525844,160526107,160528039,160530940,160531557,160535565,160535690,160535897,160536840,160565444,	A0A7I2YQ95	uc288tre.1
ENST00000678839.1	chr3	-	160500208	160507354	160500208	160500208	2	160500208,160504957,	160502202,160507354,		uc288tua.1
ENST00000483437.2	chr3	-	160502039	160565439	160502197	160565282	18	160502039,160504000,160504957,160508106,160509799,160514076,160515451,160521778,160525799,160525937,160527952,160530854,160531461,160535512,160535660,160535807,160536795,160565213,	160502202,160504067,160505052,160508269,160509871,160514181,160515580,160521910,160525844,160526107,160528039,160530940,160531557,160535565,160535690,160535897,160536840,160565439,	H7C4F6	uc062ppe.2
ENST00000678734.1	chr3	-	160513249	160522026	160513249	160513249	3	160513249,160515451,160521778,	160514181,160515580,160522026,		uc288tpz.1
ENST00000458797.1	chr3	-	160514906	160515236	160514906	160514906	1	160514906,	160515236,		uc003fdo.3
ENST00000469804.1	chr3	-	160564208	160565571	160564538	160565282	2	160564208,160565213,	160564640,160565571,	A0A7I2V5X0	uc062ppf.1
ENST00000468527.1	chr3	+	160565446	160568199	160565446	160565446	3	160565446,160566006,160567542,	160565640,160566153,160568199,		uc286upz.1
