#name	chrom	strand	txStart	txEnd	cdsStart	cdsEnd	exonCount	exonStarts	exonEnds	proteinID	alignID
ENST00000612256.4	chr20	-	63698641	63707658	63700442	63706690	7	63698641,63700601,63701829,63702135,63706356,63706650,63706998,	63700530,63700702,63701900,63702217,63706439,63706738,63707658,	Q13795	uc032ppa.2
ENST00000619493.4	chr20	-	63698642	63707853	63700442	63707091	8	63698642,63700601,63701829,63702135,63706356,63706650,63706998,63707809,	63700530,63700702,63701900,63702217,63706439,63706738,63707097,63707853,	Q13795	uc032ppb.2
ENST00000614942.4	chr20	-	63698642	63708013	63700682	63707091	6	63698642,63702135,63706356,63706650,63706998,63707866,	63700702,63702217,63706439,63706738,63707092,63708013,	Q13795	uc032ppd.2
ENST00000622789.5	chr20	-	63698646	63707976	63700442	63707091	8	63698646,63700601,63701829,63702135,63706356,63706650,63706998,63707866,	63700530,63700702,63701900,63702217,63706439,63706738,63707097,63707976,	Q13795	uc032ppj.3
ENST00000618838.4	chr20	-	63699455	63707838	63700442	63707091	8	63699455,63700601,63701829,63702135,63706356,63706650,63706998,63707809,	63700530,63700702,63701900,63702217,63706439,63706738,63707092,63707838,	Q13795	uc061yoi.1
ENST00000612157.4	chr20	-	63699477	63707916	63700597	63707091	7	63699477,63701829,63702135,63706356,63706650,63706998,63707866,	63700702,63701900,63702217,63706439,63706738,63707097,63707916,	Q13795	uc032ppe.2
ENST00000618568.4	chr20	-	63699496	63707996	63700682	63707091	7	63699496,63700601,63702135,63706356,63706650,63706998,63707866,	63700530,63700702,63702217,63706439,63706738,63707092,63707996,	Q13795	uc061yoj.1
ENST00000607873.1	chr20	-	63700053	63708025	63700442	63706690	7	63700053,63700601,63701829,63702135,63706356,63706650,63707866,	63700530,63700702,63701900,63702217,63706439,63706738,63708025,	Q13795	uc032ppc.2
ENST00000448100.6	chr20	+	63707464	63736141	63708580	63735919	7	63707464,63708552,63733218,63733586,63734704,63735158,63735780,	63707559,63709164,63733352,63733739,63734824,63735564,63736141,	Q8N5A5	uc002ygi.3
ENST00000477340.5	chr20	+	63708038	63736141	63708038	63708038	6	63708038,63708552,63733218,63733586,63735158,63735780,	63708118,63709164,63733352,63734824,63735564,63736141,		uc061yoo.1
ENST00000355969.11	chr20	+	63708038	63736142	63708580	63735919	7	63708038,63708552,63733218,63733586,63734704,63735158,63735780,	63708118,63709164,63733352,63733739,63734824,63735564,63736142,	Q8N5A5	uc002ygj.4
ENST00000357119.8	chr20	+	63708052	63736142	63708580	63735919	7	63708052,63708552,63733218,63733586,63734704,63735158,63735780,	63708188,63709164,63733352,63733712,63734824,63735564,63736142,	Q8N5A5	uc002ygm.4
ENST00000431125.1	chr20	+	63708061	63708871	63708580	63708871	2	63708061,63708552,	63708169,63708871,	X6RGY1	uc061yop.1
ENST00000369967.7	chr20	+	63708085	63736142	63708580	63735919	7	63708085,63708552,63733218,63733586,63734704,63735158,63735780,	63708188,63709164,63733352,63733739,63734824,63735564,63736142,	Q8N5A5	uc061yoq.1
ENST00000328969.5	chr20	+	63708089	63736141	63708580	63735919	7	63708089,63708552,63733218,63733586,63734644,63735158,63735780,	63708188,63709164,63733352,63733739,63734824,63735564,63736141,	Q8N5A5	uc002ygk.4
ENST00000490623.3	chr20	+	63708863	63739103	63708863	63735919	11	63708863,63733218,63733586,63734704,63735158,63735780,63737532,63737820,63738007,63738182,63738597,	63709164,63733352,63733739,63734824,63735564,63736712,63737647,63737902,63738060,63738499,63739103,	V9GY48	uc061yor.1
ENST00000472711.5	chr20	+	63708880	63734824	63708880	63708880	4	63708880,63733218,63733586,63734644,	63709164,63733352,63733775,63734824,		uc061yos.1
ENST00000478385.5	chr20	+	63708997	63735185	63708997	63708997	4	63708997,63733218,63733586,63734704,	63709164,63733352,63733739,63735185,		uc061yot.1
ENST00000468235.1	chr20	+	63709088	63733970	63709088	63709088	3	63709088,63733218,63733586,	63709164,63733352,63733970,		uc061you.1
ENST00000613401.1	chr20	-	63730071	63730377	63730071	63730071	1	63730071,	63730377,		uc061yov.1
ENST00000632538.1	chr20	+	63733218	63738481	63733218	63738480	6	63733218,63733586,63737532,63737820,63738007,63738182,	63733352,63733775,63737647,63737902,63738060,63738481,	A0A0J9YYD9	uc284prp.1
ENST00000484569.1	chr20	+	63734153	63735236	63734153	63734153	2	63734153,63735158,	63734824,63735236,		uc061yow.1
ENST00000496820.2	chr20	+	63735462	63738441	63735462	63738441	4	63735462,63737844,63737972,63738182,	63735564,63737902,63738060,63738441,	A0A087WT57	uc061yox.1
